100, 578
101, 548
102, 564
103, 559
104, 558
105, 570
106, 573
107, 581
108, 584
109, 588
110, 593
111, 604
112, 605
113, 619
114, 644
115, 620
116, 636
117, 633
118, 643
119, 640
120, 651
121, 662
122, 664
123, 665
124, 678
125, 672
126, 683
127, 688
128, 697
129, 706
130, 770
131, 750
132, 761
133, 783
134, 775
135, 773
136, 774
137, 787
138, 786
139, 798
140, 807
141, 791
142, 812
143, 823
144, 827
145, 841
146, 842
147, 855
148, 857
149, 857
150, 854
151, 864
152, 874
153, 882
154, 877
155, 885
156, 904
157, 891
158, 886
159, 907
160, 912
161, 929
162, 942
163, 940
164, 946
165, 949
166, 960
167, 953
168, 972
169, 966
170, 968
171, 980
172, 958
173, 994
174, 1007
175, 1004
176, 1013
177, 1022
178, 1023
179, 1038
180, 1034
181, 1035
182, 1049
183, 1043
184, 1051
185, 1070
186, 1036
187, 1072
188, 1081
189, 1096
190, 1092
191, 1095
192, 1098
193, 1110
194, 1111
195, 1121
196, 1121
197, 1126
198, 1128
199, 1114
200, 1144
201, 1162
202, 1174
203, 1164
204, 1174
205, 1186
206, 1179
207, 1188
208, 1194
209, 1198
210, 1190
211, 1193
212, 1220
213, 1228
214, 1231
215, 1243
216, 1245
217, 1247
218, 1258
219, 1252
220, 1267
221, 1256
222, 1247
223, 1286
224, 1292
225, 1290
226, 1301
227, 1303
228, 1327
229, 1317
230, 1327
231, 1324
232, 1323
233, 1311
234, 1343
235, 1370
236, 1365
237, 1362
238, 1373
239, 1376
240, 1368
241, 1376
242, 1390
243, 1365
244, 1406
245, 1403
246, 1412
247, 1423
248, 1429
249, 1437
250, 1439
251, 1441
252, 1441
253, 1430
254, 1453
255, 1483
256, 1473
257, 1473
258, 1492
259, 1488
260, 1493
261, 1482
262, 1465
263, 1511
264, 1521
265, 1527
266, 1527
267, 1540
268, 1533
269, 1537
270, 1552
271, 1552
272, 1675
273, 1581
274, 1590
275, 1595
276, 1655
277, 1589
278, 1605
279, 1625
280, 1569
281, 1623
282, 1689
283, 1642
284, 1641
285, 1667
286, 1652
287, 1652
288, 1646
289, 1628
290, 1697
291, 1696
292, 1673
293, 1694
294, 1700
295, 1729
296, 1986
297, 1687
298, 1757
299, 1768
300, 1788
301, 1741
302, 1748
303, 1772
304, 1826
305, 1824
306, 1735
307, 1768
308, 1794
309, 1787
310, 1786
311, 1798
312, 1803
313, 1801
314, 1779
315, 1824
316, 1847
317, 1840
318, 1837
319, 1874
320, 1852
321, 1841
322, 1827
323, 1880
324, 1884
325, 1878
326, 1878
327, 1878
328, 1894
329, 1896
330, 1888
331, 1910
332, 1924
333, 1912
334, 1926
335, 1930
336, 1943
337, 1911
338, 1951
339, 1977
340, 2013
341, 1965
342, 1976
343, 2041
344, 1980
345, 1987
346, 2000
347, 2000
348, 2006
349, 1999
350, 2005
351, 2010
352, 1993
353, 2044
354, 2321
355, 2056
356, 2057
357, 2059
358, 2067
359, 2079
360, 2079
361, 2078
362, 2147
363, 2106
364, 2132
365, 2145
366, 2089
367, 2241
368, 2239
369, 2154
370, 2140
371, 2294
372, 2135
373, 2174
374, 2176
375, 2199
376, 2202
377, 2168
378, 2206
379, 2162
380, 2176
381, 2191
382, 2190
383, 2205
384, 2198
385, 2203
386, 2186
387, 2232
388, 2241
389, 2247
390, 2251
391, 2302
392, 2232
393, 2282
394, 2274
395, 2289
396, 2313
397, 2285
398, 2280
399, 2289
400, 2298
401, 2304
402, 2319
403, 2322
404, 2325
405, 2301
406, 2365
407, 2373
408, 2373
409, 2385
410, 2396
411, 2348
412, 2368
413, 2400
414, 2396
415, 2386
416, 2405
417, 2368
418, 2424
419, 2418
420, 2417
421, 2428
422, 2457
423, 2440
424, 2443
425, 2453
426, 2450
427, 2450
428, 2455
429, 2437
430, 2487
431, 2481
432, 2488
433, 2505
434, 2513
435, 2526
436, 2547
437, 2677
438, 2573
439, 2558
440, 2505
441, 2539
442, 2557
443, 2547
444, 2558
445, 2556
446, 2530
447, 2589
448, 2581
449, 2588
450, 2586
451, 2552
452, 2606
453, 2608
454, 2634
455, 2624
456, 2614
457, 2621
458, 2656
459, 2649
460, 2660
461, 2656
462, 2642
463, 2681
464, 2679
465, 2693
466, 2700
467, 2667
468, 2718
469, 2709
470, 2728
471, 2707
472, 2684
473, 2732
474, 2739
475, 2739
476, 2727
477, 2724
478, 2746
479, 2767
480, 2781
481, 2760
482, 2772
483, 2752
484, 2790
485, 2815
486, 2792
487, 2806
488, 2786
489, 2841
490, 2843
491, 2835
492, 2840
493, 2826
494, 2848
495, 2860
496, 2844
497, 2850
498, 2846
499, 2876
500, 2872
501, 2893
502, 2836
503, 2905
504, 2909
505, 2922
506, 2907
507, 2880
508, 2923
509, 2940
510, 2947
511, 2924
512, 2919
513, 2958
514, 2966
515, 2967
516, 2954
517, 2953
518, 2994
519, 2991
520, 2976
521, 2974
522, 2999
523, 3014
524, 3020
525, 3001
526, 3018
527, 3042
528, 3052
529, 3057
530, 3060
531, 3006
532, 3062
533, 3078
534, 3076
535, 3036
536, 3106
537, 3104
538, 3102
539, 3095
540, 3088
541, 3181
542, 3145
543, 3128
544, 3142
545, 3115
546, 3148
547, 3235
548, 3651
549, 3267
550, 3286
551, 3406
552, 3221
553, 3183
554, 3167
555, 3209
556, 3214
557, 3212
558, 3190
559, 3194
560, 3223
561, 3218
562, 3236
563, 3222
564, 3253
565, 3300
566, 3303
567, 3304
568, 3293
569, 3292
570, 3294
571, 3338
572, 4337
573, 3309
574, 3384
575, 3478
576, 3396
577, 3343
578, 3424
579, 3398
580, 3355
581, 3337
582, 3369
583, 3374
584, 3372
585, 3483
586, 3402
587, 3381
588, 3379
589, 3337
590, 3407
591, 3437
592, 3433
593, 3443
594, 3441
595, 3436
596, 3414
597, 3441
598, 3449
599, 3474
600, 3521
601, 3492
602, 3453
603, 3478
604, 3506
605, 3517
606, 3466
607, 3496
608, 3512
609, 3506
610, 3491
611, 3525
612, 3517
613, 3543
614, 3499
615, 3554
616, 3567
617, 3553
618, 3535
619, 3599
620, 3594
621, 3593
622, 3577
623, 3604
624, 3597
625, 3620
626, 3585
627, 3622
628, 3633
629, 3626
630, 3624
631, 3655
632, 3661
633, 3663
634, 3649
635, 3652
636, 3689
637, 3667
638, 3638
639, 3680
640, 3698
641, 3721
642, 3687
643, 3718
644, 3704
645, 3697
646, 3698
647, 3737
648, 3735
649, 3779
650, 3814
651, 3773
652, 3802
653, 3779
654, 3781
655, 3782
656, 3814
657, 3840
658, 3770
659, 3822
660, 3856
661, 3804
662, 3793
663, 3821
664, 3837
665, 3793
666, 3854
667, 3839
668, 3880
669, 3842
670, 3892
671, 3900
672, 3926
673, 3902
674, 3884
675, 3889
676, 3904
677, 3864
678, 3924
679, 3962
680, 3873
681, 3929
682, 3977
683, 3968
684, 3916
685, 3943
686, 3961
687, 3964
688, 3943
689, 3986
690, 3962
691, 3958
692, 4008
693, 4013
694, 4037
695, 4076
696, 4063
697, 4321
698, 4203
699, 3993
700, 4057
701, 4037
702, 4025
703, 4058
704, 4066
705, 4059
706, 4030
707, 4089
708, 4158
709, 4058
710, 4115
711, 4106
712, 4097
713, 4073
714, 4127
715, 4126
716, 4109
717, 4146
718, 4153
719, 4113
720, 4147
721, 4163
722, 4147
723, 4138
724, 4175
725, 4190
726, 4146
727, 4196
728, 4210
729, 4186
730, 4176
731, 4222
732, 4206
733, 4196
734, 4241
735, 4232
736, 4198
737, 4262
738, 4258
739, 4249
740, 4248
741, 4275
742, 4279
743, 4263
744, 4293
745, 4299
746, 4274
747, 4308
748, 4301
749, 4270
750, 4353
751, 4351
752, 4347
753, 4315
754, 4368
755, 4336
756, 4318
757, 4377
758, 4363
759, 4361
760, 4374
761, 4380
762, 4361
763, 4404
764, 4414
765, 4391
766, 4399
767, 4440
768, 4425
769, 4402
770, 4452
771, 4442
772, 4396
773, 4440
774, 4472
775, 4434
776, 4468
777, 4473
778, 4468
779, 4520
780, 4505
781, 4468
782, 4520
783, 4519
784, 4484
785, 4528
786, 4541
787, 4531
788, 4499
789, 4549
790, 4551
791, 4525
792, 4580
793, 4551
794, 4546
795, 4609
796, 4573
797, 4573
798, 4601
799, 4604
800, 4574
801, 4611
802, 4611
803, 4604
804, 4636
805, 4661
806, 4599
807, 4651
808, 4679
809, 4637
810, 4689
811, 4672
812, 4654
813, 4691
814, 4689
815, 4655
816, 4702
817, 4698
818, 4695
819, 4753
820, 4718
821, 4696
822, 4754
823, 4734
824, 4701
825, 4762
826, 4754
827, 4729
828, 4773
829, 4792
830, 4757
831, 4788
832, 4782
833, 4752
834, 4796
835, 4801
836, 4796
837, 4822
838, 4841
839, 4782
840, 4830
841, 4833
842, 4825
843, 4860
844, 4816
845, 4880
846, 4898
847, 4840
848, 4882
849, 4917
850, 4844
851, 4944
852, 4901
853, 4897
854, 4918
855, 4925
856, 4897
857, 4933
858, 4944
859, 4925
860, 4962
861, 4954
862, 4937
863, 4976
864, 4966
865, 4990
866, 4992
867, 4959
868, 5021
869, 5003
870, 4990
871, 5057
872, 5042
873, 4993
874, 5075
875, 5049
876, 5021
877, 5060
878, 5025
879, 5064
880, 5105
881, 5027
882, 5107
883, 5095
884, 5054
885, 5107
886, 5100
887, 5074
888, 5144
889, 5105
890, 5100
891, 5142
892, 5113
893, 5171
894, 5134
895, 5126
896, 5168
897, 5167
898, 5138
899, 5182
900, 5145
901, 5175
902, 5167
903, 5164
904, 5217
905, 5215
906, 5207
907, 5241
908, 5200
909, 5205
910, 5240
911, 5191
912, 5266
913, 5252
914, 5212
915, 5270
916, 5272
917, 5242
918, 5292
919, 5237
920, 5290
921, 5293
922, 5269
923, 5316
924, 5282
925, 5306
926, 5320
927, 5298
928, 5342
929, 5341
930, 5312
931, 5365
932, 5334
933, 5393
934, 5387
935, 5332
936, 5373
937, 5375
938, 5381
939, 5426
940, 5385
941, 5409
942, 5418
943, 5395
944, 5423
945, 5402
946, 5465
947, 5451
948, 5436
949, 5479
950, 5420
951, 5470
952, 5494
953, 5469
954, 5502
955, 5501
956, 5496
957, 5505
958, 5457
959, 5531
960, 5513
961, 5486
962, 5544
963, 5487
964, 5556
965, 5544
966, 5535
967, 5570
968, 5537
969, 5599
970, 5580
971, 5566
972, 5601
973, 5556
974, 5617
975, 5587
976, 5574
977, 5595
978, 5571
979, 5630
980, 5637
981, 5614
982, 5644
983, 5612
984, 5659
985, 5646
986, 5637
987, 5668
988, 5627
989, 5697
990, 5691
991, 5653
992, 5691
993, 5659
994, 5734
995, 5726
996, 5665
997, 5736
998, 5710
999, 5734
1000, 5749
1001, 5709
1002, 5744
1003, 5702
1004, 5755
1005, 5776
1006, 5732
1007, 5797
1008, 5752
1009, 5810
1010, 5801
1011, 5776
1012, 5820
1013, 5797
1014, 5840
1015, 5851
1016, 5824
1017, 5865
1018, 5841
1019, 5883
1020, 5882
1021, 5856
1022, 5895
1023, 5852
1024, 5892
1025, 5890
1026, 5899
1027, 5903
1028, 5910
1029, 5937
1030, 5877
1031, 6035
1032, 6034
1033, 5949
1034, 6005
1035, 5932
1036, 6062
1037, 6040
1038, 6229
1039, 6129
1040, 6202
1041, 6057
1042, 6111
1043, 6304
1044, 6204
1045, 6206
1046, 6127
1047, 6055
1048, 6063
1049, 6136
1050, 6185
1051, 6050
1052, 6100
1053, 6200
1054, 6141
1055, 6141
1056, 6132
1057, 6449
1058, 6964
1059, 6327
1060, 6163
1061, 6118
1062, 6164
1063, 6211
1064, 6380
1065, 6203
1066, 6151
1067, 6231
1068, 6133
1069, 6261
1070, 6227
1071, 6170
1072, 6171
1073, 6190
1074, 6234
1075, 6171
1076, 6256
1077, 6306
1078, 6358
1079, 6371
1080, 6241
1081, 6329
1082, 6291
1083, 6294
1084, 6341
1085, 6384
1086, 6383
1087, 6283
1088, 6370
1089, 6334
1090, 6397
1091, 6340
1092, 6319
1093, 6411
1094, 6315
1095, 6381
1096, 6349
1097, 6341
1098, 6384
1099, 6345
1100, 6459
1101, 6394
1102, 6371
1103, 6363
1104, 6344
1105, 6389
1106, 6373
1107, 6394
1108, 6376
1109, 6414
1110, 6376
1111, 6412
1112, 6379
1113, 6437
1114, 6411
1115, 6416
1116, 6446
1117, 6408
1118, 6445
1119, 6438
1120, 6453
1121, 6438
1122, 6475
1123, 6422
1124, 6481
1125, 6464
1126, 6500
1127, 6488
1128, 6485
1129, 6510
1130, 6490
1131, 6554
1132, 6508
1133, 6546
1134, 6455
1135, 6195
1136, 6198
1137, 6228
1138, 6219
1139, 6210
1140, 6201
1141, 6217
1142, 6229
1143, 6223
1144, 6238
1145, 6250
1146, 6239
1147, 6250
1148, 6270
1149, 6255
1150, 6289
1151, 6295
1152, 6280
1153, 6291
1154, 6304
1155, 6346
1156, 6349
1157, 6768
1158, 6343
1159, 6358
1160, 6376
1161, 6365
1162, 6386
1163, 6425
1164, 6487
1165, 6391
1166, 6435
1167, 6535
1168, 6528
1169, 6404
1170, 6346
1171, 6377
1172, 6699
1173, 6542
1174, 6401
1175, 6399
1176, 6402
1177, 6425
1178, 6451
1179, 6411
1180, 6424
1181, 6436
1182, 6442
1183, 6453
1184, 6475
1185, 6462
1186, 6474
1187, 6498
1188, 6493
1189, 6470
1190, 6481
1191, 6509
1192, 6513
1193, 6524
1194, 6519
1195, 6526
1196, 6559
1197, 6514
1198, 6525
1199, 6549
1200, 6570
1201, 6566
1202, 6541
1203, 6568
1204, 6590
1205, 6575
1206, 6628
1207, 6586
1208, 6595
1209, 6607
1210, 6576
1211, 6661
1212, 6623
1213, 6632
1214, 6588
1215, 6639
1216, 6653
1217, 6651
1218, 6693
1219, 6673
1220, 6652
1221, 6700
1222, 6652
1223, 6644
1224, 6671
1225, 6709
1226, 6668
1227, 6692
1228, 6697
1229, 6692
1230, 6685
1231, 6712
1232, 6710
1233, 6701
1234, 6700
1235, 6734
1236, 6761
1237, 6739
1238, 6752
1239, 6756
1240, 6752
1241, 6770
1242, 6766
1243, 6779
1244, 6770
1245, 6770
1246, 6771
1247, 6764
1248, 6793
1249, 6813
1250, 6825
1251, 6811
1252, 6810
1253, 6839
1254, 6809
1255, 6844
1256, 6858
1257, 6850
1258, 6861
1259, 6856
1260, 6841
1261, 6847
1262, 6874
1263, 6876
1264, 6898
1265, 6889
1266, 6887
1267, 6894
1268, 6911
1269, 6888
1270, 6895
1271, 6908
1272, 6928
1273, 6916
1274, 6930
1275, 6924
1276, 6981
1277, 6940
1278, 6953
1279, 6965
1280, 6972
1281, 6996
1282, 6963
1283, 6960
1284, 6997
1285, 7032
1286, 6994
1287, 7012
1288, 7005
1289, 7016
1290, 7039
1291, 7032
1292, 7024
1293, 7029
1294, 7075
1295, 7043
1296, 7054
1297, 7071
1298, 7066
1299, 7106
1300, 7070
1301, 7076
1302, 7109
1303, 7100
1304, 7080
1305, 7090
1306, 7107
1307, 7128
1308, 7104
1309, 7099
1310, 7120
1311, 7133
1312, 7131
1313, 7122
1314, 7145
1315, 7114
1316, 7374
1317, 7260
1318, 7219
1319, 7371
1320, 7234
1321, 7371
1322, 7638
1323, 7265
1324, 7334
1325, 7373
1326, 7298
1327, 7397
1328, 7545
1329, 7265
1330, 7273
1331, 7288
1332, 7242
1333, 7342
1334, 7679
1335, 7436
1336, 7253
1337, 7360
1338, 7361
1339, 7261
1340, 7243
1341, 7289
1342, 7289
1343, 7277
1344, 7463
1345, 7488
1346, 7459
1347, 7598
1348, 7359
1349, 7609
1350, 7484
1351, 7434
1352, 7426
1353, 7333
1354, 7370
1355, 7508
1356, 7534
1357, 7637
1358, 7470
1359, 7463
1360, 7609
1361, 7633
1362, 7510
1363, 7528
1364, 7497
1365, 7529
1366, 7536
1367, 7832
1368, 7635
1369, 7521
1370, 7556
1371, 7508
1372, 7601
1373, 7523
1374, 7546
1375, 7600
1376, 7578
1377, 7616
1378, 7706
1379, 7784
1380, 7557
1381, 7700
1382, 7669
1383, 7850
1384, 7739
1385, 7965
1386, 7609
1387, 7545
1388, 7522
1389, 7606
1390, 7599
1391, 7617
1392, 7613
1393, 7603
1394, 7611
1395, 7586
1396, 7628
1397, 7619
1398, 7652
1399, 7641
1400, 7630
1401, 7622
1402, 7646
1403, 7629
1404, 7659
1405, 7644
1406, 7669
1407, 7687
1408, 7688
1409, 7679
1410, 7677
1411, 7698
1412, 7668
1413, 7677
1414, 7709
1415, 7723
1416, 7727
1417, 7748
1418, 7772
1419, 7745
1420, 7727
1421, 7764
1422, 7772
1423, 7747
1424, 7763
1425, 7789
1426, 7780
1427, 7780
1428, 7766
1429, 7828
1430, 7820
1431, 7791
1432, 7777
1433, 7816
1434, 7820
1435, 7822
1436, 7805
1437, 7863
1438, 7857
1439, 7862
1440, 7827
1441, 7843
1442, 7862
1443, 7841
1444, 7870
1445, 7894
1446, 7884
1447, 7864
1448, 7904
1449, 7894
1450, 7912
1451, 8097
1452, 8010
1453, 7976
1454, 8108
1455, 7986
1456, 7981
1457, 8034
1458, 8011
1459, 8063
1460, 8070
1461, 8112
1462, 8055
1463, 7969
1464, 8076
1465, 8136
1466, 8118
1467, 7995
1468, 8045
1469, 8013
1470, 8022
1471, 8016
1472, 8111
1473, 8053
1474, 8088
1475, 8142
1476, 8106
1477, 8080
1478, 8195
1479, 8294
1480, 8341
1481, 9010
1482, 8509
1483, 8304
1484, 8552
1485, 8509
1486, 8618
1487, 8130
1488, 8142
1489, 8189
1490, 8111
1491, 8122
1492, 8108
1493, 8126
1494, 8136
1495, 8114
1496, 8138
1497, 8143
1498, 8131
1499, 8146
1500, 8176
1501, 8167
1502, 8169
1503, 8171
1504, 8177
1505, 8201
1506, 8151
1507, 8214
1508, 8169
1509, 8195
1510, 8213
1511, 8205
1512, 8217
1513, 8204
1514, 8286
1515, 8262
1516, 8351
1517, 8305
1518, 8340
1519, 8465
1520, 8386
1521, 8390
1522, 8352
1523, 8367
1524, 8429
1525, 8390
1526, 8438
1527, 8457
1528, 8502
1529, 8423
1530, 8368
1531, 8362
1532, 8391
1533, 8409
1534, 8437
1535, 8460
1536, 8546
1537, 8400
1538, 8439
1539, 8353
1540, 8377
1541, 8383
1542, 8365
1543, 8370
1544, 8386
1545, 8445
